%YAML:1.0
---
R: !!opencv-matrix
   rows: 3
   cols: 3
   dt: d
   data: [ 9.9997021525448171e-01, 4.7395323473802481e-03,
       6.0914232354705288e-03, -4.8088690917047561e-03,
       9.9992323885579237e-01, 1.1418895489533131e-02,
       -6.0368354263091051e-03, -1.1447848237558431e-02,
       9.9991624818719960e-01 ]
T: !!opencv-matrix
   rows: 3
   cols: 1
   dt: d
   data: [ -3.3425951610799945e+02, 4.6717247634393928e+00,
       2.2297961908852354e-01 ]
R1: !!opencv-matrix
   rows: 3
   cols: 3
   dt: d
   data: [ 9.9994357149822344e-01, -9.2271952541979393e-03,
       5.2642841031123825e-03, 9.1969121794332059e-03,
       9.9994118664282383e-01, 5.7480485127865914e-03,
       -5.3170128588492394e-03, -5.6993090004369600e-03,
       9.9996962316421190e-01 ]
R2: !!opencv-matrix
   rows: 3
   cols: 3
   dt: d
   data: [ 9.9990212282553481e-01, -1.3974972388550864e-02,
       -6.6702003601719047e-04, 1.3970905647577773e-02,
       9.9988583963171451e-01, -5.7551280931068287e-03,
       7.4737164495795828e-04, 5.7452459234421530e-03,
       9.9998321665161116e-01 ]
P1: !!opencv-matrix
   rows: 3
   cols: 4
   dt: d
   data: [ 4.3978578644043148e+02, 0., 3.1922846603393555e+02, 0., 0.,
       4.3978578644043148e+02, 2.3982247543334961e+02, 0., 0., 0., 1.,
       0. ]
P2: !!opencv-matrix
   rows: 3
   cols: 4
   dt: d
   data: [ 4.3978578644043148e+02, 0., 3.1922846603393555e+02,
       -1.4701697377274590e+05, 0., 4.3978578644043148e+02,
       2.3982247543334961e+02, 0., 0., 0., 1., 0. ]
Q: !!opencv-matrix
   rows: 4
   cols: 4
   dt: d
   data: [ 1., 0., 0., -3.1922846603393555e+02, 0., 1., 0.,
       -2.3982247543334961e+02, 0., 0., 0., 4.3978578644043148e+02, 0.,
       0., 2.9913946339300804e-03, 0. ]
RT: !!opencv-matrix
   rows: 3
   cols: 1
   dt: d
   data: [ -1.1433734501395898e-02, 6.0643216698471822e-03,
       -4.7743521452028965e-03 ]
