%YAML:1.0
---
M1: !!opencv-matrix
   rows: 3
   cols: 3
   dt: d
   data: [ 5.6443508308984713e+02, 0., 320., 0., 5.6717674392005131e+02,
       240., 0., 0., 1. ]
D1: !!opencv-matrix
   rows: 0
   cols: 0
   dt: u
   data: []
M2: !!opencv-matrix
   rows: 3
   cols: 3
   dt: d
   data: [ 5.7760815444830166e+02, 0., 320., 0., 5.6342699776330221e+02,
       240., 0., 0., 1. ]
D2: !!opencv-matrix
   rows: 0
   cols: 0
   dt: u
   data: []
T: !!opencv-matrix
   rows: 0
   cols: 0
   dt: u
   data: []
R: !!opencv-matrix
   rows: 0
   cols: 0
   dt: u
   data: []
