%YAML:1.0
---
M1: !!opencv-matrix
   rows: 3
   cols: 3
   dt: d
   data: [ 5.3393150838397958e+02, 0., 3.2882421349887284e+02, 0.,
       5.2858328068458911e+02, 2.3724128251620201e+02, 0., 0., 1. ]
D1: !!opencv-matrix
   rows: 1
   cols: 14
   dt: d
   data: [ -2.5846812597928193e-01, -1.2973334330510622e-01, 0., 0., 0.,
       0., 0., -4.0471302707606110e-01, 0., 0., 0., 0., 0., 0. ]
M2: !!opencv-matrix
   rows: 3
   cols: 3
   dt: d
   data: [ 5.3393150838397958e+02, 0., 3.1406466390488907e+02, 0.,
       5.2858328068458911e+02, 2.4222478316383220e+02, 0., 0., 1. ]
D2: !!opencv-matrix
   rows: 1
   cols: 14
   dt: d
   data: [ -2.6272764030461820e-01, -1.3389745067383158e-02, 0., 0., 0.,
       0., 0., -1.9714542735317223e-01, 0., 0., 0., 0., 0., 0. ]
rms error: 6.3646487332468515e-01
avg epipolar err: 4.4348318420584043e-01
perview error: !!opencv-matrix
   rows: 13
   cols: 2
   dt: d
   data: [ 5.6762756756632726e-01, 6.5341396892842285e-01,
       1.2635137513556680e+00, 1.2695516048859574e+00,
       5.9650816222073222e-01, 5.2077318748384016e-01,
       6.2047494549289273e-01, 5.7611390457326650e-01,
       5.8870355571536748e-01, 8.1264683295043294e-01,
       3.8580773496570464e-01, 4.4471767610030577e-01,
       4.3138125954911460e-01, 4.9753067394227757e-01,
       6.3601151776724230e-01, 4.5541021691300576e-01,
       4.2350741481464765e-01, 5.8472539807759749e-01,
       3.9846414131821833e-01, 5.3437192114738152e-01,
       5.9914999532556479e-01, 4.7053391323384186e-01,
       5.7794496521896377e-01, 6.6906660810001628e-01,
       3.9196965841166115e-01, 5.9208688209875870e-01 ]
image resolution: [ 640, 480 ]
