%YAML:1.0
---
M1: !!opencv-matrix
   rows: 3
   cols: 3
   dt: d
   data: [ 6.9871398925781250e+02, 0., 6.2707397460937500e+02, 0.,
       6.9871398925781250e+02, 3.4614300537109375e+02, 0., 0., 1. ]
D1: !!opencv-matrix
   rows: 5
   cols: 1
   dt: d
   data: [ -1.7137600481510162e-01, 2.5598799809813499e-02, 0., 0., 0. ]
M2: !!opencv-matrix
   rows: 3
   cols: 3
   dt: d
   data: [ 6.9906597900390625e+02, 0., 6.2120800781250000e+02, 0.,
       6.9906597900390625e+02, 3.6143301391601563e+02, 0., 0., 1. ]
D2: !!opencv-matrix
   rows: 5
   cols: 1
   dt: d
   data: [ -1.7188699543476105e-01, 2.6332700625061989e-02, 0., 0., 0. ]
T: !!opencv-matrix
   rows: 3
   cols: 1
   dt: d
   data: [ -120., 0., 0. ]
R: !!opencv-matrix
   rows: 3
   cols: 3
   dt: d
   data: [ 9.9983102862342543e-01, -7.5297440203120271e-04,
       1.8367014764867864e-02, 6.7600291231790773e-04,
       9.9999096576671442e-01, 4.1965944545867811e-03,
       -1.8370008761171730e-02, -4.1834691947732292e-03,
       9.9982250492955538e-01 ]
