%YAML:1.0
---
M1: !!opencv-matrix
   rows: 3
   cols: 3
   dt: d
   data: [ 1.3991300048828125e+03, 0., 9.4225201416015625e+02, 0.,
       1.3991300048828125e+03, 5.1126998901367188e+02, 0., 0., 1. ]
D1: !!opencv-matrix
   rows: 5
   cols: 1
   dt: d
   data: [ -1.6938400268554688e-01, 2.6428900659084320e-02, 0., 0., 0. ]
M2: !!opencv-matrix
   rows: 3
   cols: 3
   dt: d
   data: [ 1.3990300292968750e+03, 0., 9.2454400634765625e+02, 0.,
       1.3990300292968750e+03, 5.4585900878906250e+02, 0., 0., 1. ]
D2: !!opencv-matrix
   rows: 5
   cols: 1
   dt: d
   data: [ -1.6700099408626556e-01, 2.4822499603033066e-02, 0., 0., 0. ]
T: !!opencv-matrix
   rows: 3
   cols: 1
   dt: d
   data: [ -1.1996499633789063e+02, 0., 0. ]
R: !!opencv-matrix
   rows: 3
   cols: 3
   dt: d
   data: [ 9.9986560607115460e-01, -5.5182783725861895e-04,
       1.6384910192024437e-02, 5.5445465234545480e-04,
       9.9999983415677707e-01, -1.5577694566124917e-04,
       -1.6384821512643106e-02, 1.6484069986972920e-04,
       9.9986574621373170e-01 ]
