%YAML:1.0
---
R: !!opencv-matrix
   rows: 3
   cols: 3
   dt: d
   data: [ 9.9988104356204521e-01, -8.6566873155312005e-04,
       1.5399653987109262e-02, 8.4407750277301749e-04,
       9.9999865182429004e-01, 1.4085037350702529e-03,
       -1.5400852523311540e-02, -1.3953376830020748e-03,
       9.9988042623821050e-01 ]
T: !!opencv-matrix
   rows: 3
   cols: 1
   dt: d
   data: [ -1.1958265037421815e+02, -2.1862118139881538e-03,
       2.9210410793322505e-01 ]
R1: !!opencv-matrix
   rows: 3
   cols: 3
   dt: d
   data: [ 9.9991569530633129e-01, -8.4397583679320803e-04,
       1.2957236774986962e-02, 8.3490068952748954e-04,
       9.9999940240370278e-01, 7.0578543207622626e-04,
       -1.2957824697640875e-02, -6.9490792513376553e-04,
       9.9991580239642208e-01 ]
R2: !!opencv-matrix
   rows: 3
   cols: 3
   dt: d
   data: [ 9.9999701646341843e-01, 1.8281960505998346e-05,
       -2.4426890984255234e-03, -1.9997990074168597e-05,
       9.9999975305110478e-01, -7.0249399288738776e-04,
       2.4426756522387127e-03, 7.0254074584321226e-04,
       9.9999676988086228e-01 ]
P1: !!opencv-matrix
   rows: 3
   cols: 4
   dt: d
   data: [ 5.2874618132886292e+02, 0., 6.0865458679199219e+02, 0., 0.,
       5.2874618132886292e+02, 3.5261528396606445e+02, 0., 0., 0., 1.,
       0. ]
P2: !!opencv-matrix
   rows: 3
   cols: 4
   dt: d
   data: [ 5.2874618132886292e+02, 0., 6.0865458679199219e+02,
       -6.3229058384761076e+04, 0., 5.2874618132886292e+02,
       3.5261528396606445e+02, 0., 0., 0., 1., 0. ]
Q: !!opencv-matrix
   rows: 4
   cols: 4
   dt: d
   data: [ 1., 0., 0., -6.0865458679199219e+02, 0., 1., 0.,
       -3.5261528396606445e+02, 0., 0., 0., 5.2874618132886292e+02, 0.,
       0., 8.3623921474733961e-03, 0. ]
RT: !!opencv-matrix
   rows: 3
   cols: 1
   dt: d
   data: [ -1.4019767601356470e-03, 1.5400868982706048e-02,
       8.5490729639861791e-04 ]
validRoi left: [ 57, 82, 1160, 567 ]
validRoi right: [ 50, 67, 1155, 565 ]
