%YAML:1.0
---
M1: !!opencv-matrix
   rows: 3
   cols: 3
   dt: d
   data: [ 7.0042004388200792e+02, 0., 6.3091812255744355e+02, 0.,
       7.0450263918058397e+02, 3.4664751988672452e+02, 0., 0., 1. ]
D1: !!opencv-matrix
   rows: 5
   cols: 1
   dt: d
   data: [ -1.6878868200222624e-01, 2.1500214961275934e-02,
       -5.2031006618049184e-05, -3.7973437366187451e-04,
       2.9718998016165059e-03 ]
M2: !!opencv-matrix
   rows: 3
   cols: 3
   dt: d
   data: [ 7.0180835300258855e+02, 0., 6.2302340716616538e+02, 0.,
       7.0565137420879068e+02, 3.6273487025486617e+02, 0., 0., 1. ]
D2: !!opencv-matrix
   rows: 5
   cols: 1
   dt: d
   data: [ -1.6804233562078882e-01, 1.9420439005402700e-02,
       1.2903369718502718e-04, -4.1128759880337008e-05,
       4.3635872446157256e-03 ]
rms error: 1.0960456691937895e-01
avg epipolar err: 1.2770812149220853e-01
perview error: !!opencv-matrix
   rows: 49
   cols: 2
   dt: d
   data: [ 1.3313945284985965e-01, 1.5501113652451548e-01,
       1.3426175349637676e-01, 1.4094067513888861e-01,
       9.8678945998239759e-02, 1.2636641746256669e-01,
       1.1023650031506974e-01, 8.0468374290104269e-02,
       1.2262892533843003e-01, 1.2370750444654423e-01,
       1.6193358624843429e-01, 1.4790825235530414e-01,
       1.1652892575747215e-01, 1.1605804660281749e-01,
       9.9457113172626566e-02, 1.0471294123975786e-01,
       1.3354761174703308e-01, 1.4480887612948273e-01,
       1.3234929840779031e-01, 1.0901046477683499e-01,
       1.3989886981464397e-01, 1.3884315585846141e-01,
       1.1388471131925756e-01, 1.0173179804356171e-01,
       1.0527527238516839e-01, 1.0410339105076670e-01,
       8.9370857511317292e-02, 1.0267102825035139e-01,
       8.4336417501965660e-02, 8.4773065736937450e-02,
       1.0746610702336734e-01, 9.4242525170946514e-02,
       8.7660886730718729e-02, 8.7570737668554999e-02,
       1.1641796302266771e-01, 1.1805465195861896e-01,
       1.1282648721859266e-01, 1.0153032628819668e-01,
       8.4112536187972806e-02, 9.5441936900380039e-02,
       8.9025657981571388e-02, 9.6359327048822066e-02,
       1.2861531725765721e-01, 1.2563017333474402e-01,
       1.0577136785631766e-01, 9.5278246443384687e-02,
       1.0727013762645507e-01, 1.1085129434130968e-01,
       1.1739056443598955e-01, 1.1193760543043976e-01,
       1.3984198050663779e-01, 1.1309696754377926e-01,
       1.3182433774533328e-01, 9.6419784126870689e-02,
       1.0784065507854143e-01, 1.0575104867169066e-01,
       9.6598370069190753e-02, 9.6623473375500549e-02,
       9.9790828575430757e-02, 1.0860712896152329e-01,
       7.3134219696986733e-02, 8.4207707341397556e-02,
       1.0865513156204133e-01, 1.0828348858662673e-01,
       8.5024544700012611e-02, 9.0820890662420314e-02,
       9.7103246100768370e-02, 8.0381389034858766e-02,
       1.0522469428715017e-01, 1.0440331592669103e-01,
       6.9513074479339965e-02, 9.3881183991694511e-02,
       8.2292260204033324e-02, 7.6105858726378900e-02,
       8.6360026680270180e-02, 1.2361581993428139e-01,
       7.4114888263373271e-02, 7.2624958395322431e-02,
       9.4464059057940988e-02, 1.1105924685578311e-01,
       8.5425133056315689e-02, 9.7496724165174936e-02,
       8.6520063751458362e-02, 7.9869805630138152e-02,
       1.4109221277998421e-01, 1.4189803144447680e-01,
       1.5760726691688257e-01, 1.5038963185536405e-01,
       1.3366192138561564e-01, 1.3729868852544663e-01,
       1.1603545447946072e-01, 1.1546763828921637e-01,
       6.8305143904571167e-02, 7.4217760540987249e-02,
       9.1552110760946145e-02, 8.7696238798846221e-02,
       1.0543399944857582e-01, 8.8655754405060141e-02 ]
image resolution: [ 1280, 720 ]
