%YAML:1.0
---
R: !!opencv-matrix
   rows: 3
   cols: 3
   dt: d
   data: [ 9.9987354541185169e-01, -7.7930949016140577e-04,
       1.5883509129039103e-02, 7.9382776691869455e-04,
       9.9999927290173718e-01, -9.0776289492444846e-04,
       -1.5882790151928373e-02, 9.2025687472417519e-04,
       9.9987343704304610e-01 ]
T: !!opencv-matrix
   rows: 3
   cols: 1
   dt: d
   data: [ -1.1928485166222688e+02, -1.3115870534300236e-01,
       1.1789162305796865e+00 ]
R1: !!opencv-matrix
   rows: 3
   cols: 3
   dt: d
   data: [ 9.9998194985700894e-01, 3.1112125189137151e-04,
       6.0002636392842848e-03, -3.0836038056201222e-04,
       9.9999984617584359e-01, -4.6104464514589507e-04,
       -6.0004061570859664e-03, 4.5918607964484410e-04,
       9.9998189197309673e-01 ]
R2: !!opencv-matrix
   rows: 3
   cols: 3
   dt: d
   data: [ 9.9995056033393126e-01, 1.0994876471975314e-03,
       -9.8827129256365102e-03, -1.0949537640913499e-03,
       9.9999929281188216e-01, 4.6416806240904949e-04,
       9.8832162837502006e-03, -4.5332400037768309e-04,
       9.9995105706891430e-01 ]
P1: !!opencv-matrix
   rows: 3
   cols: 4
   dt: d
   data: [ 1.1746663601501989e+03, 0., 1.0552327423095703e+03, 0., 0.,
       1.1746663601501989e+03, 6.0703183746337891e+02, 0., 0., 0., 1.,
       0. ]
P2: !!opencv-matrix
   rows: 3
   cols: 4
   dt: d
   data: [ 1.1746663601501989e+03, 0., 1.0552327423095703e+03,
       -1.4012683034682411e+05, 0., 1.1746663601501989e+03,
       6.0703183746337891e+02, 0., 0., 0., 1., 0. ]
Q: !!opencv-matrix
   rows: 4
   cols: 4
   dt: d
   data: [ 1., 0., 0., -1.0552327423095703e+03, 0., 1., 0.,
       -6.0703183746337891e+02, 0., 0., 0., 1.1746663601501989e+03, 0.,
       0., 8.3828796900837204e-03, 0. ]
RT: !!opencv-matrix
   rows: 3
   cols: 1
   dt: d
   data: [ 9.1404854097076188e-04, 1.5883821385252354e-02,
       7.8660189482371171e-04 ]
validRoi left: [ 71, 103, 2065, 1058 ]
validRoi right: [ 60, 76, 2058, 1055 ]
