%YAML:1.0
---
R: !!opencv-matrix
   rows: 3
   cols: 3
   dt: d
   data: [ 9.9987749578234819e-01, -9.5365715461418084e-04,
       1.5623186808453498e-02, 9.6479324202375794e-04,
       9.9999928588330655e-01, -7.0527078283423757e-04,
       -1.5622503065147004e-02, 7.2025752924042142e-04,
       9.9987770183511493e-01 ]
T: !!opencv-matrix
   rows: 3
   cols: 1
   dt: d
   data: [ -1.1937999087657722e+02, -1.1191208947238238e-01,
       4.1584629810022422e-01 ]
R1: !!opencv-matrix
   rows: 3
   cols: 3
   dt: d
   data: [ 9.9992631351184214e-01, -1.8722356499352220e-05,
       1.2139489119826194e-02, 2.3071171071359982e-05,
       9.9999993561709510e-01, -3.5809709131246468e-04,
       -1.2139481633829214e-02, 3.5835077662559457e-04,
       9.9992624956562814e-01 ]
R2: !!opencv-matrix
   rows: 3
   cols: 3
   dt: d
   data: [ 9.9999349368208323e-01, 9.3743817967326939e-04,
       -3.4833609000852611e-03, -9.3618336621197301e-04,
       9.9999949631477347e-01, 3.6184375673162169e-04,
       3.4836983517204751e-03, -3.5858033792792544e-04,
       9.9999386761416464e-01 ]
P1: !!opencv-matrix
   rows: 3
   cols: 4
   dt: d
   data: [ 1.2034044390708987e+03, 0., 9.1278738403320313e+02, 0., 0.,
       1.2034044390708987e+03, 5.4181027221679688e+02, 0., 0., 0., 1.,
       0. ]
P2: !!opencv-matrix
   rows: 3
   cols: 4
   dt: d
   data: [ 1.2034044390708987e+03, 0., 9.1278738403320313e+02,
       -1.4366334567651630e+05, 0., 1.2034044390708987e+03,
       5.4181027221679688e+02, 0., 0., 0., 1., 0. ]
Q: !!opencv-matrix
   rows: 4
   cols: 4
   dt: d
   data: [ 1., 0., 0., -9.1278738403320313e+02, 0., 1., 0.,
       -5.4181027221679688e+02, 0., 0., 0., 1.2034044390708987e+03, 0.,
       0., 8.3765586371667734e-03, 0. ]
RT: !!opencv-matrix
   rows: 3
   cols: 1
   dt: d
   data: [ 7.1279332336254527e-04, 1.5623484245883357e-02,
       9.5926445118133267e-04 ]
validRoi left: [ 65, 87, 1785, 936 ]
validRoi right: [ 57, 60, 1779, 935 ]
