%YAML:1.0
---
R: !!opencv-matrix
   rows: 3
   cols: 3
   dt: d
   data: [ 9.9986855268892039e-01, -7.7061364457568196e-04,
       1.6195168982585755e-02, 7.8375012177028000e-04,
       9.9999936901269559e-01, -8.0480429750215410e-04,
       -1.6194538570466866e-02, 8.1739147380349470e-04,
       9.9986852575309526e-01 ]
T: !!opencv-matrix
   rows: 3
   cols: 1
   dt: d
   data: [ -1.1913952262346439e+02, -1.1368093309300711e-01,
       4.0153410402355866e-01 ]
R1: !!opencv-matrix
   rows: 3
   cols: 3
   dt: d
   data: [ 9.9991774661615362e-01, 1.8081302023546016e-04,
       1.2824480836474235e-02, -1.7558773462289642e-04,
       9.9999990111935488e-01, -4.0857095782646774e-04,
       -1.2824553443330167e-02, 4.0628552994485849e-04,
       9.9991767949219068e-01 ]
R2: !!opencv-matrix
   rows: 3
   cols: 3
   dt: d
   data: [ 9.9999386541434032e-01, 9.5417736452468004e-04,
       -3.3702639723278641e-03, -9.5279509816730457e-04,
       9.9999946133486717e-01, 4.1171771405234555e-04,
       3.3706550086074942e-03, -4.0850401734239278e-04,
       9.9999423588802794e-01 ]
P1: !!opencv-matrix
   rows: 3
   cols: 4
   dt: d
   data: [ 1.1766249421105772e+03, 0., 1.0517230224609375e+03, 0., 0.,
       1.1766249421105772e+03, 6.0716787719726563e+02, 0., 0., 0., 1.,
       0. ]
P2: !!opencv-matrix
   rows: 3
   cols: 4
   dt: d
   data: [ 1.1766249421105772e+03, 0., 1.0517230224609375e+03,
       -1.4018339387695337e+05, 0., 1.1766249421105772e+03,
       6.0716787719726563e+02, 0., 0., 0., 1., 0. ]
Q: !!opencv-matrix
   rows: 4
   cols: 4
   dt: d
   data: [ 1., 0., 0., -1.0517230224609375e+03, 0., 1., 0.,
       -6.0716787719726563e+02, 0., 0., 0., 1.1766249421105772e+03, 0.,
       0., 8.3934687951938529e-03, 0. ]
RT: !!opencv-matrix
   rows: 3
   cols: 1
   dt: d
   data: [ 8.1113351534928041e-04, 1.6195565179840773e-02,
       7.7721602301612238e-04 ]
validRoi left: [ 76, 103, 2052, 1056 ]
validRoi right: [ 65, 76, 2046, 1053 ]
