%YAML:1.0
---
M1: !!opencv-matrix
   rows: 3
   cols: 3
   dt: d
   data: [ 1.4264125623458240e+03, 0., 1.0859036188922857e+03, 0.,
       1.4305699083322322e+03, 5.9486773108783359e+02, 0., 0., 1. ]
D1: !!opencv-matrix
   rows: 5
   cols: 1
   dt: d
   data: [ -1.6077688948906532e-01, 1.0461898680939265e-03,
       -5.4056481519762793e-04, -5.5894682409900014e-04,
       2.1972655530876045e-02 ]
M2: !!opencv-matrix
   rows: 3
   cols: 3
   dt: d
   data: [ 1.4287226917277594e+03, 0., 1.0670648573125704e+03, 0.,
       1.4323907365420475e+03, 6.2673677988261807e+02, 0., 0., 1. ]
D2: !!opencv-matrix
   rows: 5
   cols: 1
   dt: d
   data: [ -1.5629608024201430e-01, -1.0796649036292297e-02,
       -2.3142270138311015e-04, -8.3811796734009945e-05,
       2.9968908158991302e-02 ]
rms error: 2.3134693231813994e-01
avg epipolar err: 1.2987095128081252e-01
perview error: !!opencv-matrix
   rows: 84
   cols: 2
   dt: d
   data: [ 4.6833289724916383e-01, 4.1130675876202810e-01,
       4.4574314416699989e-01, 4.1744428019403462e-01,
       4.8768026611137999e-01, 5.6228731707937707e-01,
       5.5975453522516117e-01, 6.8845989723117385e-01,
       7.0891800333020871e-01, 7.3185293985062616e-01,
       2.2242482534244931e-01, 2.1993000719800843e-01,
       3.0273021351578439e-01, 3.1747469837881559e-01,
       1.6765261615674087e-01, 1.6251777671248091e-01,
       2.2196384474475506e-01, 2.0973417136450970e-01,
       2.8562703650464655e-01, 2.9894408311519916e-01,
       3.5502858130180459e-01, 2.8328849177755372e-01,
       3.5619706441150473e-01, 4.4040751794565247e-01,
       1.2328081483068802e-01, 1.4261177600527455e-01,
       2.2361904131691826e-01, 2.2086122334297181e-01,
       1.3999635971078012e-01, 1.5847458933956027e-01,
       4.5120135091028274e-01, 5.3576229709226930e-01,
       4.0114614164591322e-01, 4.4356027361872480e-01,
       1.5559971061144445e-01, 1.7862208154927639e-01,
       2.3661721251208187e-01, 2.1644414180125185e-01,
       1.4339387368122852e-01, 1.4952155394139596e-01,
       2.3705860243997134e-01, 2.2048341001522148e-01,
       9.6086545156044451e-02, 1.0181335249575846e-01,
       1.3454637362588895e-01, 1.3636382053765383e-01,
       1.9284007915079412e-01, 2.2489549032988715e-01,
       2.2721651063554513e-01, 2.3392232906678634e-01,
       1.5092650371749747e-01, 1.4194636625192453e-01,
       1.9904355994300707e-01, 1.7324427381671295e-01,
       2.8075827325297120e-01, 3.0254758426536993e-01,
       3.0635367976096389e-01, 2.7037236740638293e-01,
       2.5188735659868666e-01, 2.5080594864852473e-01,
       2.6325212083061861e-01, 2.6243267312330498e-01,
       1.1492864927535734e-01, 1.1442592971270213e-01,
       1.5916635298668011e-01, 1.4056421860114893e-01,
       7.9706078413726067e-02, 1.0514892130137056e-01,
       1.7084666565134063e-01, 1.6871679830048930e-01,
       1.4925090917633310e-01, 1.5085664755279629e-01,
       1.5973566351067170e-01, 1.8814758613001270e-01,
       2.2770926960268206e-01, 2.6380603516619344e-01,
       1.4690878593708723e-01, 1.3598895170431383e-01,
       1.7318067107479182e-01, 1.5865651702075548e-01,
       1.0545441807367562e-01, 1.1046743317372408e-01,
       1.4057285630617136e-01, 1.5619355295299539e-01,
       2.0098236597862462e-01, 1.9119492489071721e-01,
       2.0466286046568194e-01, 2.1494648685025880e-01,
       1.7532371932521928e-01, 1.7472835562348465e-01,
       1.8753899381383840e-01, 1.8163744989555064e-01,
       1.1849348483431252e-01, 1.1929391469654341e-01,
       1.2019288535706270e-01, 1.3840670480712894e-01,
       1.2612194209404395e-01, 1.4522138389870340e-01,
       1.2807738384055087e-01, 1.3709329466344053e-01,
       1.3339453166949239e-01, 1.6475705039390029e-01,
       2.3150747597578103e-01, 2.6869452710578329e-01,
       1.4133128146320792e-01, 1.4161473948674308e-01,
       1.7480782654758509e-01, 1.7305480269158044e-01,
       1.6758849822373068e-01, 1.6883831104757793e-01,
       9.0173278525344402e-02, 1.2245941727323963e-01,
       2.0995689474387119e-01, 2.0297777167885300e-01,
       1.6777492444151038e-01, 1.6395855926761052e-01,
       1.4966373828317517e-01, 1.3915043728937387e-01,
       9.6656155953111694e-02, 1.0415382273461772e-01,
       1.7867817410688699e-01, 1.6817395104633151e-01,
       1.6650641134802219e-01, 1.6484889292257685e-01,
       1.5940153451757405e-01, 1.5883495682560822e-01,
       9.7087132480363575e-02, 1.1185852839174021e-01,
       9.3459730864062951e-02, 9.0970605281249534e-02,
       1.3921390929608687e-01, 1.4303684781889495e-01,
       1.6249727245608681e-01, 1.5735650328808726e-01,
       1.4415379309183884e-01, 1.4776972866382662e-01,
       2.3612469106489289e-01, 2.3333947695636781e-01,
       1.0376474110347150e-01, 1.2015171377842344e-01,
       1.0909982915903657e-01, 1.2696555881639032e-01,
       1.1167712480556539e-01, 1.2710605249226059e-01,
       1.3552184873331968e-01, 1.4308590004420699e-01,
       2.0162136527047700e-01, 2.2451423222524503e-01,
       1.5249249199894510e-01, 1.5064914445924213e-01,
       1.2443519029081271e-01, 1.2932397274498167e-01,
       7.4507857019923990e-02, 8.2420956461001754e-02,
       9.2265295401837907e-02, 9.3364244625854201e-02,
       9.8168381848503183e-02, 1.0362212770998284e-01,
       1.4128669209410269e-01, 1.2839959996727715e-01,
       1.0869078996281611e-01, 1.2187028186369779e-01,
       9.9189255104707705e-02, 1.1203068677410420e-01,
       6.9191524339629190e-02, 7.7770562071512561e-02,
       7.9967001060241294e-02, 7.9037521564886873e-02 ]
image resolution: [ 2208, 1242 ]
F: !!opencv-matrix
   rows: 3
   cols: 3
   dt: d
   data: [ -2.4701733686813624e-10, 6.4810298430466490e-08,
       -1.2120091211303783e-05, 2.4664635512886983e-07,
       -1.5624698124752481e-08, -2.7689394948156355e-02,
       -1.5901038401392663e-04, 2.7408520082241209e-02, 1. ]
