%YAML:1.0
---
R: !!opencv-matrix
   rows: 3
   cols: 3
   dt: d
   data: [ 9.9987032547164745e-01, -7.4555926029533229e-04,
       1.6086527984971743e-02, 7.5955377259144410e-04,
       9.9999933841161925e-01, -8.6386016828620706e-04,
       -1.6085873283363677e-02, 8.7596673064520324e-04,
       9.9987023026140665e-01 ]
T: !!opencv-matrix
   rows: 3
   cols: 1
   dt: d
   data: [ -1.1923169957552770e+02, -1.1991027513031016e-01,
       9.9481915936648391e-01 ]
R1: !!opencv-matrix
   rows: 3
   cols: 3
   dt: d
   data: [ 9.9996999142677723e-01, 2.5281368322553757e-04,
       7.7428890714477776e-03, -2.4942584361045179e-04,
       9.9999987275023072e-01, -4.3850458491217717e-04,
       -7.7429989461261506e-03, 4.3656014937660300e-04,
       9.9996992723909273e-01 ]
R2: !!opencv-matrix
   rows: 3
   cols: 3
   dt: d
   data: [ 9.9996468850392206e-01, 1.0056557219763956e-03,
       -8.3432848341098275e-03, -1.0020066811309435e-03,
       9.9999940051623815e-01, 4.4153117140490660e-04,
       8.3437238607950055e-03, -4.3315555313232397e-04,
       9.9996509671508116e-01 ]
P1: !!opencv-matrix
   rows: 3
   cols: 4
   dt: d
   data: [ 1.1781264205603056e+03, 0., 1.0548712768554688e+03, 0., 0.,
       1.1781264205603056e+03, 6.0426180267333984e+02, 0., 0., 0., 1.,
       0. ]
P2: !!opencv-matrix
   rows: 3
   cols: 4
   dt: d
   data: [ 1.1781264205603056e+03, 0., 1.0548712768554688e+03,
       -1.4047497581979586e+05, 0., 1.1781264205603056e+03,
       6.0426180267333984e+02, 0., 0., 0., 1., 0. ]
Q: !!opencv-matrix
   rows: 4
   cols: 4
   dt: d
   data: [ 1., 0., 0., -1.0548712768554688e+03, 0., 1., 0.,
       -6.0426180267333984e+02, 0., 0., 0., 1.1781264205603056e+03, 0.,
       0., 8.3867351724739199e-03, 0. ]
RT: !!opencv-matrix
   rows: 3
   cols: 1
   dt: d
   data: [ 8.6995116302377730e-04, 1.6086898022927645e-02,
       7.5258914219932167e-04 ]
validRoi left: [ 71, 101, 2065, 1060 ]
validRoi right: [ 60, 74, 2059, 1057 ]
