%YAML:1.0
---
M1: !!opencv-matrix
   rows: 3
   cols: 3
   dt: d
   data: [ 1.4209215694862069e+03, 0., 1.0812503004405944e+03, 0.,
       1.4268230442205875e+03, 5.9131365637595036e+02, 0., 0., 1. ]
D1: !!opencv-matrix
   rows: 5
   cols: 1
   dt: d
   data: [ -1.5889089922066943e-01, -5.3237734085179022e-03,
       -9.7954107885935121e-05, -1.3433476308608186e-03,
       2.7028580813602474e-02 ]
M2: !!opencv-matrix
   rows: 3
   cols: 3
   dt: d
   data: [ 1.4233193099585669e+03, 0., 1.0626672770035393e+03, 0.,
       1.4288058980601077e+03, 6.2325737786302284e+02, 0., 0., 1. ]
D2: !!opencv-matrix
   rows: 5
   cols: 1
   dt: d
   data: [ -1.5480288983470766e-01, -1.6588912947728861e-02,
       2.1934695459683535e-04, -9.0296709046846428e-04,
       3.4877118692600413e-02 ]
rms error: 1.9812696457719198e-01
avg epipolar err: 1.2895803755214866e-01
perview error: !!opencv-matrix
   rows: 82
   cols: 2
   dt: d
   data: [ 4.7574759580799825e-01, 4.2061277089655247e-01,
       4.5763734097008540e-01, 4.2136032914548160e-01,
       5.1444735083815607e-01, 5.9165381238294157e-01,
       1.9158048568765626e-01, 1.8232114299293151e-01,
       2.6518140815768348e-01, 2.8208677122269510e-01,
       1.6591546524726139e-01, 1.6516696603820238e-01,
       2.2075154708613987e-01, 2.2460782557180434e-01,
       2.1613729700478143e-01, 2.3356482873424181e-01,
       2.7467602013089376e-01, 2.1392136252678812e-01,
       2.6970148968406621e-01, 3.2924801758126587e-01,
       1.3749543886177340e-01, 1.5984539166073558e-01,
       2.1827067453050353e-01, 2.1665641185598389e-01,
       1.1954870682450860e-01, 1.3722530680560283e-01,
       5.7737010308203507e-01, 6.6366624335486435e-01,
       1.5519691793221740e-01, 1.7089753141637568e-01,
       1.4964406968203300e-01, 1.7217346429923877e-01,
       2.3467291318942496e-01, 2.1583174085443951e-01,
       1.4617831111115145e-01, 1.5645524114124024e-01,
       2.1194654183452649e-01, 2.0118858534091039e-01,
       9.0232400093986309e-02, 9.4834942853836646e-02,
       1.2451336337906548e-01, 1.2444353583872340e-01,
       1.6889624753899948e-01, 1.7817250352652961e-01,
       2.0406447727402457e-01, 2.1099281376599124e-01,
       1.5225304757772684e-01, 1.4374390033998591e-01,
       2.2684073676201016e-01, 1.9747178263395870e-01,
       2.5633161325482051e-01, 2.8714558646068172e-01,
       3.7029394687171130e-01, 3.3106837487186574e-01,
       1.4747850980453259e-01, 1.4724454128053549e-01,
       2.0863135163818899e-01, 2.0848971222025006e-01,
       1.0810566565812484e-01, 1.0900246908292105e-01,
       1.5235973218498966e-01, 1.3813347211164587e-01,
       8.2028431057717552e-02, 1.0875974229777516e-01,
       1.5669888556240053e-01, 1.6325064993460606e-01,
       1.7201635123562112e-01, 1.8360997296676626e-01,
       1.3410721345963128e-01, 1.5711860848965223e-01,
       1.6979043744365269e-01, 2.0144620249839768e-01,
       1.6356302448180138e-01, 1.2659983809968017e-01,
       1.7587203682071792e-01, 1.6162799409636630e-01,
       1.0802968309534093e-01, 1.1190738789790514e-01,
       1.4355845755376945e-01, 1.5996911316439000e-01,
       1.9990716593294927e-01, 1.9028138557093885e-01,
       1.8554671707028372e-01, 1.9515614039134893e-01,
       1.8420328173004608e-01, 1.8592461238068303e-01,
       1.8146543817623717e-01, 1.7619322053853007e-01,
       1.1780793011621012e-01, 1.1960911758995794e-01,
       1.2580341128992345e-01, 1.4314964450318696e-01,
       1.2216234020129715e-01, 1.4381250105883922e-01,
       1.2959141637761684e-01, 1.3908087146545486e-01,
       1.1332283756278268e-01, 1.3851583606435722e-01,
       2.1567554469258507e-01, 2.4647538766723442e-01,
       1.3044087610988261e-01, 1.3610956063669968e-01,
       1.6934421967146676e-01, 1.7440011179859577e-01,
       1.7457036606373263e-01, 1.7835594345115321e-01,
       8.4284475026542308e-02, 1.1424231487813631e-01,
       1.5127025864420945e-01, 1.4483074561453574e-01,
       1.6382425327462219e-01, 1.5686856689896006e-01,
       1.4981331548133950e-01, 1.3921856659231205e-01,
       9.6823690377087671e-02, 1.0369903640774532e-01,
       1.7039058876605548e-01, 1.5580218200864121e-01,
       1.2708310146506377e-01, 1.3151912164218438e-01,
       1.0712093639588544e-01, 1.1336175664432278e-01,
       9.5472880856594750e-02, 1.0983088793970125e-01,
       8.9023789696423564e-02, 8.7407892611993984e-02,
       1.3373704176419329e-01, 1.3558765790655911e-01,
       1.5513170847579683e-01, 1.5227059522942937e-01,
       1.3229646270370199e-01, 1.3475702198192280e-01,
       1.4746112880980761e-01, 1.4668424954607467e-01,
       9.9428777101262425e-02, 1.1626600742837934e-01,
       1.0249857997578719e-01, 1.2143507475066816e-01,
       1.1203373411838369e-01, 1.2832198778584342e-01,
       1.4357540861043827e-01, 1.5087454570179915e-01,
       2.0666405581757233e-01, 2.3388666370363748e-01,
       1.4632611336064202e-01, 1.4431184257739391e-01,
       1.2395262511371770e-01, 1.2647925138218877e-01,
       7.4335771963647032e-02, 8.2738324010655867e-02,
       9.3694115717170415e-02, 9.5093424599191970e-02,
       8.8523837968914248e-02, 9.5486810539226835e-02,
       1.3309813617544866e-01, 1.2038507914786387e-01,
       9.3915923943871549e-02, 1.0809355104475789e-01,
       9.2071784633443302e-02, 1.0438248204407520e-01,
       7.1487440970300672e-02, 7.9604104412677942e-02,
       7.6130447442079335e-02, 7.6742346294383243e-02 ]
image resolution: [ 2208, 1242 ]
F: !!opencv-matrix
   rows: 3
   cols: 3
   dt: d
   data: [ -1.9204599253952228e-10, 1.6218363588037255e-07,
       -6.8007550929440091e-05, 1.5054575418014211e-07,
       -1.6839556798151643e-08, -2.7778324527796529e-02,
       -1.0045841904897875e-04, 2.7501922953687179e-02,
       9.9999999999999989e-01 ]
