%YAML:1.0
---
R: !!opencv-matrix
   rows: 3
   cols: 3
   dt: d
   data: [ 9.9981714823401258e-01, -4.9993843997895682e-04,
       1.9115966069302128e-02, 4.6402130547847943e-04,
       9.9999811893658430e-01, 1.8832969816544572e-03,
       -1.9116871643512726e-02, -1.8740824019445217e-03,
       9.9981549949664017e-01 ]
T: !!opencv-matrix
   rows: 3
   cols: 1
   dt: d
   data: [ -1.2043373625160815e+02, -3.4707012211747151e-01,
       5.7786522510330043e+00 ]
R1: !!opencv-matrix
   rows: 3
   cols: 3
   dt: d
   data: [ 9.9958161203860407e-01, 2.4689623690255166e-03,
       -2.8818485371819223e-02, -2.4436098053931834e-03,
       9.9999659584277389e-01, 9.1491747331590102e-04,
       2.8820646165976384e-02, -8.4411354942823605e-04,
       9.9958424248629052e-01 ]
R2: !!opencv-matrix
   rows: 3
   cols: 3
   dt: d
   data: [ 9.9884670925786267e-01, 2.8785111227845935e-03,
       -4.7926668760247690e-02, -2.9256101937586987e-03,
       9.9999530396006564e-01, -9.1261317669541844e-04,
       4.7923816727517353e-02, 1.0517754190454620e-03,
       9.9885044003531143e-01 ]
P1: !!opencv-matrix
   rows: 3
   cols: 4
   dt: d
   data: [ 6.2393620176824936e+02, 0., 6.6879631042480469e+02, 0., 0.,
       6.2393620176824936e+02, 3.5133975219726563e+02, 0., 0., 0., 1.,
       0. ]
P2: !!opencv-matrix
   rows: 3
   cols: 4
   dt: d
   data: [ 6.2393620176824936e+02, 0., 6.6879631042480469e+02,
       -7.5229729712398301e+04, 0., 6.2393620176824936e+02,
       3.5133975219726563e+02, 0., 0., 0., 1., 0. ]
Q: !!opencv-matrix
   rows: 4
   cols: 4
   dt: d
   data: [ 1., 0., 0., -6.6879631042480469e+02, 0., 1., 0.,
       -3.5133975219726563e+02, 0., 0., 0., 6.2393620176824936e+02, 0.,
       0., 8.2937450945729119e-03, 0. ]
RT: !!opencv-matrix
   rows: 3
   cols: 1
   dt: d
   data: [ -1.8788053128139053e-03, 1.9117595346463141e-02,
       4.8200953542504104e-04 ]
