%YAML:1.0
---
M1: !!opencv-matrix
   rows: 3
   cols: 3
   dt: d
   data: [ 7.1510631464583662e+02, 0., 6.1657133704692296e+02, 0.,
       7.1689423627641145e+02, 3.4381677441848342e+02, 0., 0., 1. ]
D1: !!opencv-matrix
   rows: 5
   cols: 1
   dt: d
   data: [ -1.2669007334070345e-01, -9.5179065762503900e-02, 0., 0.,
       1.4476682427248652e-01 ]
M2: !!opencv-matrix
   rows: 3
   cols: 3
   dt: d
   data: [ 7.1717417871554744e+02, 0., 6.0621002161828335e+02, 0.,
       7.1914298442232416e+02, 3.5843584411170281e+02, 0., 0., 1. ]
D2: !!opencv-matrix
   rows: 5
   cols: 1
   dt: d
   data: [ -1.2512955219041602e-01, -1.0721314060583979e-01, 0., 0.,
       1.6355137765916811e-01 ]
rms error: 1.4596572536015356e-01
avg epipolar err: 1.0986145337422688e-01
perview error: !!opencv-matrix
   rows: 10
   cols: 2
   dt: d
   data: [ 1.5688864738629216e-01, 1.2712674087684336e-01,
       1.5858534478858288e-01, 1.4105609305090969e-01,
       1.3543167923186908e-01, 1.2568057458933307e-01,
       1.3245225999230131e-01, 1.3414732368824459e-01,
       1.4535083101130569e-01, 1.3409991317249906e-01,
       1.7693138934134311e-01, 1.4778836694831476e-01,
       1.3550478125708798e-01, 1.2308045930395410e-01,
       1.7154167262804815e-01, 2.2424297583597341e-01,
       8.2470637913553982e-02, 9.5217950719347064e-02,
       1.5749087552159974e-01, 1.5643914722092048e-01 ]
image resolution: [ 1280, 720 ]
