%YAML:1.0
---
M1: !!opencv-matrix
   rows: 3
   cols: 3
   dt: d
   data: [ 1.4186041720255712e+03, 0., 1.0792783928002536e+03, 0.,
       1.4252284749343532e+03, 5.9332054478702980e+02, 0., 0., 1. ]
D1: !!opencv-matrix
   rows: 5
   cols: 1
   dt: d
   data: [ -1.6055623875424091e-01, -1.8754795802829812e-03,
       7.9896530296959016e-06, -1.4992016743804527e-03,
       2.4479474046460933e-02 ]
M2: !!opencv-matrix
   rows: 3
   cols: 3
   dt: d
   data: [ 1.4210269981638755e+03, 0., 1.0610289103390667e+03, 0.,
       1.4272706131281159e+03, 6.2533303218422918e+02, 0., 0., 1. ]
D2: !!opencv-matrix
   rows: 5
   cols: 1
   dt: d
   data: [ -1.5675164008029965e-01, -1.2287618486723878e-02,
       3.2333453006696330e-04, -1.0632744521718003e-03,
       3.1567842763338044e-02 ]
rms error: 1.7532362572345939e-01
avg epipolar err: 1.2476772895013845e-01
perview error: !!opencv-matrix
   rows: 80
   cols: 2
   dt: d
   data: [ 4.9366147618682238e-01, 4.3713054371856530e-01,
       4.9306081265744273e-01, 4.4954578315012939e-01,
       1.7986496082591474e-01, 1.7348956321323908e-01,
       2.4760303126503883e-01, 2.5772136196172973e-01,
       1.4594596713787111e-01, 1.4823947789301900e-01,
       1.9233221267222722e-01, 2.0024137667269507e-01,
       2.1873885571382229e-01, 2.3750425956080778e-01,
       2.3124721226607856e-01, 1.7714628565670887e-01,
       2.3291086817218437e-01, 2.9004335716640173e-01,
       1.2644469742294634e-01, 1.5002571685465080e-01,
       2.2341104207926302e-01, 2.2086453376649917e-01,
       1.0798040115488192e-01, 1.1924862210488393e-01,
       1.5183429409048141e-01, 1.5731335296549348e-01,
       1.5521179303394239e-01, 1.7671713161099670e-01,
       2.4406371308008332e-01, 2.2547523503305619e-01,
       1.3541999139850405e-01, 1.4154186875638072e-01,
       2.1861447799017045e-01, 2.0648038490684462e-01,
       9.0522896492738578e-02, 9.6385510103097399e-02,
       1.1929929757112234e-01, 1.2041986727803980e-01,
       1.5111760970598431e-01, 1.5416539093963941e-01,
       2.0497092469373429e-01, 2.1351941351599757e-01,
       1.6143757728360933e-01, 1.5290356736126712e-01,
       2.2935388975937296e-01, 1.9838158377809464e-01,
       2.5218580231197607e-01, 2.8041443584752018e-01,
       3.9329349043260675e-01, 3.4934703352962870e-01,
       1.3306307340309900e-01, 1.4490148668736189e-01,
       2.0142526824696178e-01, 2.0199104477385746e-01,
       9.2770538383577239e-02, 9.5708942861111548e-02,
       1.4616171782364251e-01, 1.2952141421464650e-01,
       7.9440288720433558e-02, 1.0434174824780765e-01,
       1.5514093378940147e-01, 1.6106849221199979e-01,
       1.7187640063911275e-01, 1.8209918011291731e-01,
       1.2090817059178254e-01, 1.4359696043005493e-01,
       1.5114471252078621e-01, 1.8524698820494617e-01,
       1.6831428010146324e-01, 1.2429994170921360e-01,
       1.8741940837267010e-01, 1.7253653369192892e-01,
       1.1372377885023008e-01, 1.1799681250386443e-01,
       1.5303986113223703e-01, 1.6951325343348075e-01,
       2.1685308527327607e-01, 2.0729125534285062e-01,
       1.7540120751874508e-01, 1.8740912347801827e-01,
       1.8892731253119177e-01, 1.9047729071431749e-01,
       1.7157556861387607e-01, 1.6680366068499330e-01,
       1.1855069242773941e-01, 1.2014152155665163e-01,
       1.2134794848331677e-01, 1.3877492441791447e-01,
       1.2097868196619924e-01, 1.4249336472444996e-01,
       1.2870239021248930e-01, 1.3816102715375567e-01,
       1.0632331948355103e-01, 1.2717909872763791e-01,
       2.0197666568392372e-01, 2.3238133994870239e-01,
       1.3119625669763887e-01, 1.3854022808215363e-01,
       1.6208724430267046e-01, 1.6773862141280291e-01,
       1.6577802956278104e-01, 1.6969691371238377e-01,
       8.1384827829287423e-02, 1.1273699525448383e-01,
       1.2734810277188088e-01, 1.2359867702977993e-01,
       1.5618515550839795e-01, 1.4999326902406684e-01,
       1.5472050946719990e-01, 1.4350933826387285e-01,
       9.8943046718943314e-02, 1.0557959485559251e-01,
       1.7262160581554414e-01, 1.5801653289669285e-01,
       1.2604450434031869e-01, 1.3363274930541547e-01,
       9.8356571654325958e-02, 1.1345567236603703e-01,
       9.7261969365011372e-02, 1.1099035923271040e-01,
       9.0630807206338815e-02, 8.8750939041145546e-02,
       1.3291075307747019e-01, 1.3433607022803723e-01,
       1.5772135655149994e-01, 1.5530792980578867e-01,
       1.2244178052424644e-01, 1.2569563918241966e-01,
       1.1891607884670252e-01, 1.2189368534436763e-01,
       9.7332456406736378e-02, 1.1471088482660505e-01,
       9.8239646602776731e-02, 1.1846365440622697e-01,
       1.1093308646998237e-01, 1.2722315302154175e-01,
       1.4522431553000331e-01, 1.5255823935171531e-01,
       1.9276901645696876e-01, 2.2045417139619577e-01,
       1.5264621147784824e-01, 1.5114160627372941e-01,
       1.2563477680450008e-01, 1.2806129076304329e-01,
       7.4867642919805702e-02, 8.3462817376955059e-02,
       9.8613275549127147e-02, 9.9771979018611776e-02,
       8.7640172315079465e-02, 9.6229179175164339e-02,
       1.3330405173484924e-01, 1.2129802428954102e-01,
       9.0311025540394177e-02, 1.0429024777365420e-01,
       8.9150063858822057e-02, 1.0169185268025294e-01,
       6.5492590258922428e-02, 7.4721656260780311e-02,
       7.5981599468628827e-02, 7.6847021555810607e-02 ]
image resolution: [ 2208, 1242 ]
F: !!opencv-matrix
   rows: 3
   cols: 3
   dt: d
   data: [ -1.8903070582753840e-10, 1.9335504346096390e-07,
       -8.4115899937101568e-05, 1.1742076352109342e-07,
       -1.7773324360058049e-08, -2.7875414228651189e-02,
       -8.1760608561854938e-05, 2.7604121646240154e-02, 1. ]
