%YAML:1.0
---
M1: !!opencv-matrix
   rows: 3
   cols: 3
   dt: d
   data: [ 1.4149993347459742e+03, 0., 9.4289244157306928e+02, 0.,
       1.4226527813883147e+03, 5.2483790346770252e+02, 0., 0., 1. ]
D1: !!opencv-matrix
   rows: 5
   cols: 1
   dt: d
   data: [ -1.6391895768082282e-01, 9.7583485726992578e-03,
       3.7677416478117950e-04, -9.1797566026562746e-04,
       1.4069274979607546e-02 ]
M2: !!opencv-matrix
   rows: 3
   cols: 3
   dt: d
   data: [ 1.4172957610440353e+03, 0., 9.2504100099338496e+02, 0.,
       1.4243004572367522e+03, 5.5653688593866002e+02, 0., 0., 1. ]
D2: !!opencv-matrix
   rows: 5
   cols: 1
   dt: d
   data: [ -1.5680712127504479e-01, -1.7427780046518144e-02,
       7.5109715071367889e-04, -4.3839760463979866e-04,
       4.3753996818221473e-02 ]
rms error: 1.7736479157130544e-01
avg epipolar err: 1.2280268909131926e-01
perview error: !!opencv-matrix
   rows: 78
   cols: 2
   dt: d
   data: [ 1.5581993075990808e-01, 1.7099269216670590e-01,
       1.5015477484185513e-01, 1.4379606171342318e-01,
       2.1091142779904024e-01, 2.1878461925430148e-01,
       1.5151233532776709e-01, 1.4463308548444040e-01,
       1.7653336157789606e-01, 1.7185556373314501e-01,
       2.0740385763519675e-01, 2.3760662202508431e-01,
       1.7564061586640820e-01, 1.7015154888505221e-01,
       1.8437905210590061e-01, 2.2949906984814958e-01,
       1.3067525976453948e-01, 1.4851753868017262e-01,
       1.5612559234083492e-01, 1.6411396624296773e-01,
       1.8907242030559651e-01, 2.0827707571142864e-01,
       2.8816433292773153e-01, 2.5972256310605302e-01,
       1.4962032843064085e-01, 1.6405551650452149e-01,
       3.4592766742734193e-01, 3.1411243645271331e-01,
       3.1308125412766430e-01, 2.9066542582729771e-01,
       2.5691647441712695e-01, 2.4577121774571636e-01,
       1.6815107197222995e-01, 1.7864115598979047e-01,
       2.0993203155370163e-01, 1.8769295768934383e-01,
       2.6187614990681329e-01, 2.5085655926868200e-01,
       9.3271841683326959e-02, 1.1926264656795929e-01,
       1.4349569659683484e-01, 1.6977647828118159e-01,
       1.0198131092922899e-01, 1.2640929577288401e-01,
       1.5407463171454056e-01, 1.5733398658523681e-01,
       1.9207405727755697e-01, 2.5971284573873432e-01,
       1.4432785096307821e-01, 1.5728416603468062e-01,
       2.3982538999258246e-01, 2.6650402170298454e-01,
       1.5179000457047800e-01, 2.0702444097623915e-01,
       1.9821009963179015e-01, 1.7581360067506241e-01,
       2.1153493649103491e-01, 2.1373557792417403e-01,
       1.9373143178048480e-01, 1.6457577168516122e-01,
       1.3138523296152446e-01, 1.7471510995888057e-01,
       1.4429087214502290e-01, 1.7340494468329065e-01,
       3.6213532432611500e-01, 3.8677527938112882e-01,
       1.1415647416400471e-01, 1.1539473315044681e-01,
       1.2038549726150576e-01, 1.2209677668380634e-01,
       1.1609374075807292e-01, 1.2960876046548594e-01,
       1.1604222492045688e-01, 1.1411148875895405e-01,
       1.1819907483591550e-01, 1.2891080646868114e-01,
       1.2077247021414481e-01, 1.2743470276340116e-01,
       1.4103498247268142e-01, 1.6216457622860955e-01,
       6.6413556202389659e-02, 8.2331657941809466e-02,
       2.6387299043542572e-01, 2.4311565025976789e-01,
       1.1603126806133356e-01, 1.1525445739681556e-01,
       1.3594815155706408e-01, 1.5089858643852072e-01,
       1.3261422015765079e-01, 1.2784220877336530e-01,
       2.7058976788033401e-01, 2.9199776959422130e-01,
       3.5960461187991100e-01, 3.5635691213933557e-01,
       4.1919784160994128e-01, 4.1104911279231604e-01,
       1.1912391456472755e-01, 1.2788766876480037e-01,
       9.6295218835567853e-02, 1.0110732352192081e-01,
       1.3581126866681231e-01, 1.3017838368737869e-01,
       9.4445252922305503e-02, 9.5880011597718778e-02,
       8.3901998440529410e-02, 1.0461734791553302e-01,
       1.0971817343711691e-01, 1.1374899625925024e-01,
       1.0554788526439260e-01, 1.1035320641409457e-01,
       1.4621666836338937e-01, 1.4191770450764638e-01,
       1.3426029797723815e-01, 1.3120229774219955e-01,
       8.8816696030570352e-02, 1.1836501820928431e-01,
       9.8639778247435292e-02, 9.0497993338293226e-02,
       6.4363647584050082e-02, 7.9744313867314523e-02,
       9.5115614819421226e-02, 8.6207650104499128e-02,
       1.1073164952035744e-01, 1.1097114512982990e-01,
       9.5425191951907365e-02, 1.1891471774148907e-01,
       8.1863841847408844e-02, 1.0252249388561871e-01,
       1.7026423490372763e-01, 1.7330146796152354e-01,
       2.0614957131410300e-01, 1.8701722947490024e-01,
       1.0508554264632505e-01, 1.0899025092311447e-01,
       1.9184219056004523e-01, 2.0567313621060182e-01,
       1.0588707741156783e-01, 1.0893873776516658e-01,
       1.0725870171586512e-01, 1.1150704387593501e-01,
       1.0138436060399976e-01, 9.9020697921321760e-02,
       8.5456612767467605e-02, 1.0119915616158168e-01,
       7.6581827474533390e-02, 9.4526011197612933e-02,
       1.4007319078609465e-01, 1.5668387741589385e-01,
       1.3186767555425694e-01, 1.3778363859833370e-01,
       7.6817033293965081e-02, 9.5696795916825519e-02,
       1.1553327276788156e-01, 1.0777486622015947e-01,
       1.4770672154177356e-01, 1.5440676029895636e-01 ]
image resolution: [ 1920, 1080 ]
F: !!opencv-matrix
   rows: 3
   cols: 3
   dt: d
   data: [ -2.3112413536517017e-10, 7.0975127616092123e-08,
       -9.9385504528545185e-06, 2.4741443257170939e-07,
       -1.4533159047702888e-08, -2.9062608207706789e-02,
       -1.3668422624891450e-04, 2.8814746979291567e-02, 1. ]
